0 0.850078 0.562396 0.061766 0.079153
0 0.718422 0.604090 0.064609 0.080347
0 0.528711 0.726479 0.068359 0.103097
0 0.776547 0.421028 0.046531 0.048750
0 0.815488 0.927535 0.151523 0.144931
0 0.454363 0.517451 0.051680 0.060486
0 0.411145 0.434493 0.027914 0.027236
0 0.375039 0.440875 0.031484 0.033472
0 0.345512 0.490042 0.048445 0.056750
0 0.249781 0.397292 0.025937 0.023333
0 0.179563 0.390646 0.030484 0.029514
0 0.212164 0.397125 0.026469 0.029944
0 0.266043 0.485556 0.043930 0.056611
0 0.257266 0.552049 0.039656 0.056181
0 0.429063 0.937681 0.112250 0.124639
0 0.482750 0.459958 0.040453 0.051111
0 0.306184 0.413299 0.020102 0.019597
0 0.613719 0.476444 0.036594 0.034639
0 0.575605 0.480167 0.052039 0.051056
0 0.482926 0.471910 0.041492 0.029542
0 0.386320 0.626479 0.060344 0.094069
0 0.591023 0.523118 0.037328 0.045514
0 0.456922 0.587201 0.055906 0.070347
0 0.276934 0.604681 0.046836 0.076667
0 0.785410 0.561993 0.099039 0.095264
