0 0.990824 0.642319 0.018023 0.057972
0 0.338211 0.525931 0.062266 0.090028
0 0.476270 0.632667 0.059898 0.081889
0 0.552844 0.472118 0.052297 0.055625
0 0.410852 0.447035 0.027703 0.035708
0 0.373832 0.441854 0.034664 0.040319
0 0.340867 0.416507 0.027703 0.029375
0 0.323820 0.445069 0.040172 0.044528
0 0.300586 0.403660 0.023234 0.021514
0 0.256297 0.399361 0.023234 0.023667
0 0.266340 0.413444 0.019117 0.018722
0 0.269516 0.436618 0.032422 0.027319
0 0.275891 0.463278 0.036172 0.033333
0 0.231145 0.443118 0.022523 0.021597
0 0.230332 0.471917 0.032883 0.031972
0 0.228551 0.406979 0.022195 0.024764
0 0.385480 0.482924 0.039367 0.040319
0 0.379000 0.513306 0.042609 0.059611
0 0.462066 0.517424 0.052164 0.064236
0 0.464520 0.450694 0.036289 0.037722
0 0.516605 0.433417 0.046492 0.038889
0 0.662000 0.468840 0.046328 0.041764
0 0.544703 0.583826 0.059969 0.076736
0 0.193309 0.399479 0.026133 0.029681
0 0.700043 0.537701 0.057023 0.058625
0 0.736105 0.518403 0.052773 0.050639
0 0.285625 0.625569 0.053938 0.103528
0 0.616543 0.497646 0.051570 0.059653
0 0.842543 0.615944 0.072773 0.069472
0 0.778332 0.642958 0.087617 0.117111
0 0.262273 0.898542 0.121719 0.191667
0 0.438078 0.582187 0.048578 0.062819
0 0.623305 0.679708 0.078016 0.101861
0 0.292566 0.503799 0.040148 0.049764
