0 0.267316 0.539250 0.040164 0.069194
0 0.453695 0.957715 0.116031 0.081403
0 0.620637 0.550562 0.052273 0.055542
0 0.560852 0.510090 0.048672 0.048569
0 0.289469 0.501903 0.037484 0.041806
0 0.227262 0.470313 0.069102 0.060264
0 0.697781 0.591556 0.142875 0.134139
0 0.866848 0.720812 0.096039 0.097514
0 0.221758 0.423958 0.030922 0.029667
0 0.218570 0.398285 0.029422 0.024292
0 0.352402 0.426785 0.044430 0.040653
0 0.367586 0.510597 0.045922 0.054306
0 0.428781 0.501271 0.044234 0.049653
0 0.779273 0.545604 0.044672 0.039958
0 0.745027 0.559569 0.055695 0.054778
0 0.396125 0.691528 0.059344 0.093444
0 0.659371 0.514181 0.059820 0.047861
0 0.240484 0.466326 0.041906 0.049708
0 0.502387 0.554028 0.049195 0.056472
