0 0.302453 0.419472 0.021172 0.023583
0 0.344656 0.431014 0.025406 0.030611
0 0.364699 0.409937 0.023711 0.027597
0 0.388691 0.428007 0.032742 0.034625
0 0.275922 0.489729 0.040359 0.049681
0 0.320660 0.478431 0.044602 0.045167
0 0.374434 0.511049 0.046008 0.056208
0 0.257352 0.945319 0.092578 0.102528
0 0.628668 0.874715 0.118883 0.173569
0 0.565293 0.478840 0.051898 0.052153
0 0.709703 0.551840 0.060687 0.062014
0 0.821996 0.559021 0.068773 0.055764
0 0.424316 0.566549 0.052336 0.080403
0 0.301055 0.650069 0.051656 0.093056
0 0.332496 0.536979 0.043039 0.062375
0 0.778430 0.655236 0.084578 0.071583
0 0.567648 0.498556 0.055547 0.091250
0 0.800590 0.506889 0.063258 0.047667
0 0.682031 0.497563 0.052500 0.052875
0 0.472098 0.972208 0.105227 0.055583
0 0.955594 0.604542 0.060469 0.071000
0 0.258871 0.546056 0.041852 0.098833
0 0.213590 0.393125 0.034523 0.025417
0 0.251008 0.400514 0.027406 0.028556
0 0.283141 0.401917 0.026141 0.024083
