0 0.238680 0.402285 0.019125 0.018986
0 0.597602 0.826569 0.094047 0.139778
0 0.498109 0.628722 0.066484 0.102194
0 0.766156 0.642278 0.077375 0.085111
0 0.920125 0.651618 0.100234 0.102764
0 0.703902 0.503556 0.056852 0.056694
0 0.628617 0.510549 0.052250 0.047597
0 0.650879 0.573160 0.051320 0.038792
0 0.467348 0.438743 0.040352 0.050375
0 0.308668 0.521285 0.039961 0.057486
0 0.544996 0.502125 0.044727 0.050056
0 0.657918 0.699174 0.088586 0.113542
0 0.401004 0.677424 0.060992 0.114903
0 0.443539 0.502944 0.049437 0.066778
0 0.426203 0.434785 0.024469 0.028347
0 0.369398 0.587653 0.046719 0.076750
0 0.390766 0.585007 0.090297 0.082125
0 0.824797 0.925014 0.050750 0.122083
0 0.693453 0.502632 0.035781 0.050653
0 0.345992 0.413264 0.037766 0.037472
0 0.663242 0.967882 0.105391 0.064236
0 0.531984 0.584187 0.054703 0.070431
0 0.543840 0.454833 0.048773 0.050306
0 0.375012 0.517833 0.044195 0.049833
0 0.378109 0.474715 0.041234 0.036403
0 0.331758 0.483097 0.041234 0.040722
0 0.256602 0.479500 0.036359 0.044528
0 0.249641 0.444083 0.034625 0.031250
0 0.296613 0.416708 0.030102 0.030306
0 0.263191 0.412722 0.025242 0.024333
0 0.218008 0.405083 0.020078 0.020417
0 0.173633 0.397292 0.015703 0.019861
0 0.189551 0.393500 0.015633 0.018639
