0 0.447813 0.457743 0.046500 0.048264
0 0.440617 0.581764 0.052109 0.067083
0 0.279227 0.579271 0.102594 0.212708
0 0.342871 0.543014 0.040086 0.067778
0 0.298934 0.523333 0.123211 0.097694
0 0.218375 0.398063 0.013172 0.023431
0 0.200898 0.398944 0.022844 0.025056
0 0.352285 0.467181 0.046523 0.062694
0 0.971477 0.724111 0.055984 0.125222
0 0.835352 0.548187 0.083641 0.083014
0 0.516578 0.439465 0.046188 0.043569
0 0.432340 0.425250 0.033883 0.032111
0 0.364430 0.438910 0.038328 0.032542
0 0.383609 0.425049 0.021562 0.024653
0 0.326965 0.419222 0.027023 0.026361
0 0.287117 0.405146 0.026500 0.029264
0 0.255379 0.456799 0.031586 0.029958
0 0.245293 0.432111 0.040133 0.028111
0 0.175953 0.389146 0.023813 0.024486
0 0.722699 0.548438 0.064523 0.070153
0 0.595125 0.528715 0.048922 0.060597
0 0.839027 0.618604 0.091758 0.080875
0 0.499820 0.556868 0.065250 0.073042
0 0.532348 0.674667 0.070008 0.105194
0 0.491508 0.462472 0.038531 0.040222
0 0.626020 0.499549 0.052102 0.053181
