0 0.409402 0.675194 0.059086 0.113833
0 0.246949 0.907264 0.098727 0.153556
0 0.877773 0.645674 0.082687 0.071264
0 0.576258 0.483083 0.050875 0.052889
0 0.774734 0.870417 0.118641 0.148306
0 0.456187 0.604014 0.051344 0.077194
0 0.715336 0.513646 0.055375 0.059792
0 0.700340 0.598917 0.066695 0.071306
0 0.267227 0.587076 0.047422 0.076542
0 0.521508 0.653722 0.071312 0.110250
0 0.850840 0.694007 0.089523 0.083181
0 0.340656 0.542938 0.051359 0.061986
0 0.284801 0.690958 0.060633 0.132806
0 0.176164 0.395333 0.020000 0.021556
0 0.673520 0.959785 0.117023 0.079319
0 0.362129 0.436069 0.031945 0.027750
0 0.316801 0.423132 0.023914 0.025431
0 0.596449 0.459882 0.033961 0.031347
0 0.489977 0.434049 0.032656 0.040069
0 0.495867 0.552736 0.058766 0.061583
0 0.450285 0.460174 0.044742 0.037847
0 0.421883 0.541750 0.059109 0.073167
0 0.372949 0.407340 0.028711 0.029986
0 0.311719 0.402465 0.022500 0.024736
0 0.236742 0.520437 0.035000 0.050181
0 0.264828 0.485549 0.038672 0.043625
0 0.229426 0.452437 0.038820 0.036181
0 0.241277 0.409111 0.034023 0.031917
0 0.266090 0.396792 0.020305 0.025194
0 0.212246 0.404153 0.021289 0.024639
0 0.226547 0.386215 0.025359 0.026292
