0 0.555629 0.460847 0.035242 0.038972
0 0.967363 0.714208 0.057602 0.089111
0 0.323359 0.527799 0.047531 0.066986
0 0.825617 0.553174 0.072453 0.071042
0 0.765852 0.602361 0.068687 0.075500
0 0.559059 0.775174 0.082117 0.124764
0 0.835090 0.689382 0.090305 0.084542
0 0.485961 0.466681 0.033984 0.043111
0 0.616676 0.502208 0.051336 0.047500
0 0.282715 0.652715 0.056102 0.099875
0 0.502848 0.649896 0.069930 0.107847
0 0.245195 0.468882 0.037844 0.045958
0 0.352063 0.438153 0.024984 0.019639
0 0.396699 0.429840 0.020930 0.020986
0 0.474445 0.467375 0.056922 0.043306
0 0.435434 0.949090 0.120633 0.100181
0 0.383184 0.484951 0.042930 0.053681
0 0.207969 0.394528 0.030000 0.027139
0 0.304379 0.404979 0.029383 0.024125
0 0.272523 0.408236 0.026891 0.026222
0 0.322469 0.420576 0.031844 0.033653
0 0.315840 0.474771 0.044539 0.037736
0 0.262164 0.545750 0.041750 0.060750
0 0.622539 0.449556 0.046500 0.028361
0 0.631582 0.475146 0.047961 0.035819
