0 0.402645 0.416417 0.032789 0.035500
0 0.373785 0.478049 0.039211 0.036569
0 0.431836 0.506535 0.050984 0.064319
0 0.430914 0.569507 0.037734 0.062458
0 0.738367 0.797597 0.123984 0.169278
0 0.333816 0.486021 0.042555 0.046042
0 0.322051 0.417250 0.041477 0.034167
0 0.913605 0.577306 0.082945 0.086500
0 0.251699 0.551090 0.041086 0.049458
0 0.292254 0.506646 0.039008 0.062097
0 0.328020 0.541375 0.038570 0.062972
0 0.508844 0.566375 0.054641 0.063167
0 0.897281 0.460250 0.070922 0.064389
0 0.301063 0.596229 0.042797 0.074347
0 0.544289 0.733528 0.073797 0.110306
0 0.748547 0.577972 0.070609 0.064361
0 0.737738 0.492535 0.051555 0.051847
0 0.293238 0.778486 0.072430 0.150000
0 0.211656 0.400215 0.025125 0.029042
0 0.263707 0.405861 0.037664 0.036333
0 0.291148 0.440833 0.042984 0.043556
0 0.260766 0.464722 0.036828 0.058000
