0 0.814422 0.519597 0.059906 0.057917
0 0.635223 0.557438 0.058961 0.051931
0 0.772852 0.652861 0.078312 0.090583
0 0.768801 0.568944 0.067367 0.067306
0 0.608117 0.889674 0.110719 0.182292
0 0.275813 0.707993 0.062688 0.101264
0 0.271941 0.832722 0.080508 0.161889
0 0.686523 0.742688 0.090188 0.116347
0 0.497332 0.481389 0.042758 0.038750
0 0.462691 0.949444 0.114289 0.095083
0 0.326355 0.416861 0.034852 0.035861
0 0.762918 0.409319 0.037430 0.050444
0 0.556789 0.465694 0.055328 0.055556
0 0.378520 0.615326 0.057992 0.095347
0 0.477727 0.610389 0.069016 0.095444
0 0.237102 0.534306 0.038594 0.048056
0 0.276270 0.487313 0.041555 0.042792
0 0.307148 0.470333 0.038641 0.037111
0 0.267531 0.408847 0.024922 0.023111
0 0.239383 0.408326 0.023156 0.023569
0 0.192437 0.398319 0.018828 0.020139
0 0.398449 0.446222 0.032633 0.026028
0 0.428484 0.434708 0.038047 0.035556
0 0.598926 0.466972 0.029883 0.045389
