0 0.522504 0.693181 0.066523 0.116250
0 0.682719 0.721694 0.086203 0.128083
0 0.811191 0.676153 0.085023 0.082917
0 0.884387 0.959729 0.135133 0.068264
0 0.676949 0.961514 0.106039 0.072417
0 0.545883 0.581722 0.076125 0.101333
0 0.499883 0.483597 0.047625 0.048750
0 0.537223 0.435819 0.040773 0.040417
0 0.448633 0.467090 0.035031 0.039764
0 0.473336 0.422271 0.044953 0.047847
0 0.386723 0.430431 0.042555 0.058278
0 0.344004 0.483910 0.042070 0.056903
0 0.331363 0.546181 0.047508 0.057250
0 0.285504 0.633062 0.046820 0.067903
0 0.314395 0.418201 0.028586 0.032569
0 0.211527 0.437354 0.035023 0.030069
0 0.264770 0.448625 0.040867 0.040444
0 0.241117 0.469021 0.032609 0.035431
0 0.201664 0.477611 0.033016 0.042583
0 0.171168 0.391542 0.013492 0.015750
0 0.189688 0.397271 0.017109 0.017181
0 0.236086 0.401382 0.027781 0.029708
0 0.237754 0.522715 0.036102 0.050097
0 0.264168 0.411590 0.025164 0.032208
0 0.278863 0.588757 0.046117 0.056319
0 0.282738 0.782111 0.078508 0.169556
0 0.936516 0.692208 0.085641 0.076556
0 0.979398 0.580125 0.041125 0.071694
0 0.447281 0.573403 0.053781 0.065833
0 0.610254 0.474090 0.050336 0.051625
0 0.596523 0.529813 0.038641 0.048931
0 0.397578 0.657521 0.069687 0.137236
0 0.929129 0.608486 0.083602 0.075306
0 0.676910 0.580743 0.062211 0.066819
0 0.663152 0.476292 0.043758 0.030861
